178
87
79
143
115
61
108
1
117
41
18
88
71
44
5
194
83
15
38
90
86
125
183
161
141
189
95
97
93
131
88
55
115
34
174
29
178
185
98
153
50
119
197
85
22
68
8
35
86
61
16
189
67
51
111
55
57
17
141
50
174
97
54
5
145
10
84
90
6
167
93
42
165
151
80
54
2
60
73
115
192
66
124
113
71
39
46
160
53
129
111
183
184
96
179
59
88
193
119
33
123
148
17
80
27
12
25
102
98
72
4
21
141
122
71
89
14
123
160
41
188
104
135
7
126
38
148
22
60
86
19
79
46
84
122
80
150
154
115
194
88
28
108
149
58
72
196
74
182
196
176
148
28
179
140
60
84
69
85
88
26
58
74
56
18
179
195
36
123
30
10
133
128
12
78
111
145
32
103
191
96
142
52
111
184
13
7
187
144
114
162
63
28
67
2
143
132
189
17
130
