171
102
94
148
113
81
184
28
179
135
48
35
36
186
25
179
132
144
85
125
157
97
174
151
174
189
154
150
13
160
49
17
157
118
170
183
56
45
121
15
189
43
13
138
98
181
87
87
173
192
101
107
28
104
91
66
76
187
139
175
79
41
108
43
95
179
134
150
31
157
189
79
64
128
123
89
152
192
96
189
120
135
45
110
60
125
143
21
37
69
158
177
163
85
13
18
76
193
92
123
162
132
192
98
128
196
29
53
92
88
122
26
160
1
90
34
171
195
91
156
189
23
199
122
191
118
176
122
104
188
177
123
197
22
103
50
112
81
174
152
129
17
176
153
138
162
72
60
19
31
45
130
38
189
122
109
30
194
66
142
168
136
72
163
108
120
69
179
157
164
107
56
98
38
134
72
41
190
50
175
122
116
128
44
127
74
154
134
155
93
85
179
112
184
39
94
195
21
174
3
